# Orion
2061 1839 
1839 1790 
1839 1879              
2061 1948 
1948 1903 
1903 1852 
1790 1852
1852 1788 
1788 1713 
2004 1948 
2061 2124
2199 2159 
2124 2199 
2199 2135 
2135 2047 
2159 2047
1790 1543 
1601 1567 
1567 1552 
1552 1543
1543 1544 
1544 1570 
1570 1580
# Gemini
2891 2697
2697 2540
2821 2697
2697 2473
2473 2343
2473 2286
2286 2216
2216 2134
2990 2905
2905 2821
2905 2985
2905 2777
2777 2650
2650 2421
2777 2763
2763 2484
# Cassiopeia
21 168
264 168
403 264
542 403
580 542
# Ursa Major
5191 5055
5055 4905
4905 4660
4660 4301
4301 4295
4295 4554
4554 4660
4301 3757
3757 3323
3323 3569
3569 3594
3594 4069
4069 4033
4033 3775
3775 3888
3888 3757
4069 4375
4375 4377
4377 4335
4335 4518
4518 5191
# Ursa Minor
424 6789
6789 6322
6322 5903
5903 5563
5563 5735
5735 6116
5903 6116
# Dragon
4434 4787
4787 5291
5291 5744
5744 5986
5986 6132
6132 6396
6396 6920
6920 6927
6920 7310
7310 7582
7310 6688
6688 6705
6705 6536
6536 6554
6554 6688
